58
65
61
0
907
1028
643
139
2517
2993
1786
778
2725
3435
2183
1325
4663
5251
4638
2112
4562
4145
5251
1898
3237
2255
3826
1029
71
55
30
2
927
907
591
148
2291
2916
1706
807
2564
3166
2018
1265
3891
4565
3913
2091
3978
3749
4291
2154
2921
2107
3222
1083
74
62
56
2
703
484
414
97
1960
1597
1281
628
2171
1843
1528
846
3085
2425
2476
1146
3101
2031
2849
1067
2514
1362
2264
710
62
57
35
9
413
361
233
53
1295
1234
718
265
1374
1421
778
362
2534
2287
1780
808
2305
1895
2281
626
1613
995
1821
460
11
6
7
2
35
23
19
4
70
70
40
10
104
123
71
31
122
119
88
48
99
89
103
46
76
52
82
25
277
246
190
15
3000
2809
1906
441
8110
8814
5517
2480
8950
9993
6571
3837
14277
14617
12869
6180
14076
11938
14813
5804
10353
6771
11198
3293
