0
0
0
0
110
109
83
39
272
263
210
79
270
308
210
108
569
586
441
187
993
790
855
295
1639
884
1246
325
0
0
0
0
85
86
68
23
251
220
194
65
247
253
190
82
532
462
365
170
947
651
729
300
1405
697
1035
344
0
0
0
0
40
27
35
12
84
62
59
42
96
75
77
30
165
120
150
56
269
143
213
71
281
128
214
48
0
0
0
0
42
42
27
13
129
96
76
27
109
95
69
38
243
229
211
86
423
292
334
123
545
278
440
123
0
0
0
0
1
1
3
0
3
0
0
2
3
5
2
1
5
2
5
3
19
8
6
4
13
11
9
0
0
0
0
0
278
265
216
87
739
641
539
215
725
736
548
259
1514
1399
1172
502
2651
1884
2137
793
3883
1998
2944
840
