64
71
65
0
865
958
610
125
2350
2864
1707
708
2597
3267
2039
1226
4173
4752
4201
1820
4036
3715
4695
1692
2932
2050
3497
948
72
59
32
3
866
877
581
151
2156
2685
1588
704
2396
2934
1898
1120
3513
4232
3534
1882
3564
3354
3826
1911
2619
1867
2816
933
70
58
56
2
676
459
402
100
1812
1503
1222
599
2013
1629
1387
760
2833
2201
2312
1053
2820
1871
2607
961
2310
1223
2006
640
57
61
39
7
375
328
218
42
1193
1149
626
214
1287
1311
758
359
2413
2208
1664
765
2060
1727
2059
571
1402
894
1575
401
12
8
11
3
30
17
14
4
67
66
34
9
98
113
68
29
109
106
77
37
86
78
92
40
65
41
71
18
275
257
203
15
2802
2634
1822
422
7584
8273
5182
2240
8395
9260
6156
3503
13039
13498
11777
5546
12569
10744
13290
5175
9327
6074
9963
2941
