45
53
45
0
631
709
503
65
1671
2151
1220
369
1704
2180
1267
605
2851
3260
2671
1068
2421
2196
2698
825
1748
1170
2033
500
46
54
25
3
654
698
448
91
1533
1926
1126
400
1566
1995
1159
571
2333
2889
2352
1086
2085
2024
2162
951
1586
1095
1652
557
50
37
39
1
540
368
310
72
1371
1091
871
346
1377
1105
955
463
1879
1468
1429
578
1692
1105
1449
479
1378
681
1218
333
44
49
29
7
308
254
176
32
942
874
478
167
889
965
544
240
1627
1495
1093
442
1241
1020
1199
313
875
553
966
257
11
15
9
3
22
13
10
2
37
35
19
5
44
63
33
13
58
60
46
19
54
39
62
19
36
20
47
11
196
208
147
14
2155
2042
1447
262
5554
6077
3714
1287
5580
6308
3958
1892
8748
9172
7591
3193
7493
6384
7570
2587
5623
3519
5916
1658
