59
73
55
0
770
829
570
100
2097
2604
1502
595
2125
2767
1662
883
3593
4110
3558
1543
3259
2922
3721
1263
2268
1595
2692
659
73
64
36
3
754
778
516
138
1826
2318
1313
531
2055
2557
1625
956
2971
3524
2984
1534
2889
2729
3092
1486
2116
1493
2233
747
70
60
53
2
605
398
333
105
1584
1304
1036
482
1845
1462
1266
716
2477
1941
2019
905
2373
1543
2061
771
1866
969
1634
503
59
69
39
9
366
319
204
44
1089
1019
561
212
1092
1168
651
286
1977
1864
1386
598
1637
1373
1637
416
1094
746
1227
321
17
19
12
4
24
13
11
2
46
56
24
7
67
81
46
22
84
93
56
29
67
56
74
25
57
24
59
12
278
285
195
18
2519
2338
1634
393
6644
7301
4435
1826
7183
8039
5255
2866
11097
11524
9990
4600
10230
8629
10591
3965
7401
4827
7845
2243
