66
72
59
1
659
715
505
63
1817
2298
1314
413
1807
2342
1360
648
3085
3544
2908
1147
2598
2416
2955
929
1965
1294
2290
545
74
79
37
3
690
710
460
100
1615
2037
1149
368
1677
2134
1279
656
2512
3071
2555
1167
2375
2313
2494
1191
1748
1181
1803
600
69
57
58
3
540
368
319
76
1422
1146
912
350
1544
1261
1061
558
2043
1608
1559
634
1944
1291
1664
550
1589
774
1383
406
61
68
38
10
290
261
173
29
972
901
502
178
997
1078
601
268
1765
1639
1189
495
1362
1168
1348
331
960
618
1043
277
18
16
13
5
19
14
9
2
39
45
21
4
53
67
38
21
69
69
49
23
58
44
67
20
41
25
56
12
288
292
205
22
2198
2068
1466
270
5865
6427
3898
1313
6078
6882
4339
2151
9474
9931
8260
3466
8337
7232
8528
3021
6303
3892
6575
1840
