0
0
0
0
488
544
399
24
1284
1650
978
227
1257
1560
913
351
2056
2405
1892
624
1839
1634
1871
568
1279
824
1381
313
0
0
0
0
523
575
357
68
1080
1378
798
197
1088
1421
790
366
1683
1948
1567
640
1587
1489
1622
712
1096
706
1074
357
0
0
0
0
479
334
283
49
1026
788
624
220
971
798
665
313
1348
1015
993
387
1123
751
938
286
830
392
745
181
0
0
0
0
287
234
178
23
772
709
395
140
648
727
395
137
1217
1111
765
291
900
775
870
252
596
372
644
144
0
0
0
0
17
12
8
1
23
28
19
3
29
34
24
8
39
40
33
9
36
29
38
12
24
13
34
7
0
0
0
0
1794
1699
1225
165
4185
4553
2814
787
3993
4540
2787
1175
6343
6519
5250
1951
5485
4678
5339
1830
3825
2307
3878
1002
